111111111111111111111111111111111111111111111111111
100000000000101000101010000010001555522222155555151
111111101010101011101011101010111011121112111115151
100010001010000000100010101010001015522213151515151
101011101111111010111010101010111011111211151515151
101000000010000010101000101000000000122215555515551
111111111111111011101010111010101111121515111115111
155515155555101010001010001010101012221515151555551
151515111511101011101011111011101012111115151111151
151555155555100000000000000000101552222215555515551
111511111115111011101111111011101111111215151115111
155555155555100000100000101010000000155215155555551
111515151115111111111110101111101010111211151511151
155515551555551000000000001000001010122215551515151
111515151111151111101111111011111111121115111515111
151515151515551000000010000010122222225555151555551
151511111515151110111111111110121515111111151111151
155555551515155510100000000010141515151555151555551
111511111511151510111111101110101511151515151515111
151555155555551510101010100000001515155515551515551
151111111115111110101010101110111115151511151511111
155555151515151000000010101000001555551555151515551
151111151515151011111010101110111515111115111515111
151515551515151000001000101010155515551515155555151
151515151515151011111111101010151511111511111511151
155555155515151000000010101000151555555555551555551
151115151115151011111110111011111111111111151515151
151515155555151010000000000015551515551515151515151
151515111515151110101010101011151515151515151115111
155515551515151000101010101015555515155555551555551
151511111115151111101111111115151111111511151515111
151515555515155515101515555515155555555515555515151
111111151515111515111511111515111511151111111115151
151555551515555555555555555555551515555515551515151
151511111511151511111511151111111115111115111511151
155555551555151515551515151555151515555515551555151
111511111111151115151515111115151515111115111515151
155555555555551515155515155555555515551555551515151
111511111115151511111115111511111111151115151515151
155515551515155555155555551515155555551555151515551
111111151515111511151115151515111111111111151511111
155555155515151555151515151555151555151555155515551
111115111511151115151511111115151511151515151511151
155555555515555515555555555555555555555515551515151
111115111111111515151111111115151115111111111115151
151555155555555515155555551515151515151515555555551
151115111511111511151115111515111515151511111511111
151555555555551555551555555515151515555555555515551
151511111111151511111511111511151511111515111115111
155555555555151515555555551555555555155515555555551
111111111111111111111111111111111111111111111111111
