111111111111111111111111111111111111111111111111111
122255122222222222222222222222122212222222222222221
121211121111111111111111111112121212111111111111121
121222221000000010000010000012221212155555555512221
121111111011111011101011101111111212111111151512151
121000000000100010001000100012221222555555551512151
121111101110101110111110111012121115111111151112101
140000100010101000100000100012122215122215551222101
111110111110101010111110101012111211121215111211101
100000100010100010100010001012221222221215122210001
101111101010111011101011111011121111111215121111111
100000101000100010001000101000122222221215122222221
111110101111111110111110101110111111121211111111121
100000101000000000000010100000100000121222222222121
101111101011111011111110101111111010121111111112121
100010000010001010001000100000000010121222222212221
111011111110101110101011111111111110121211111211151
100010000000100000100015551555551000122210001222151
101110111111111111111115151511151011111111101112151
101000151555551555555555155515551000001000001222151
101110151515111511111511111115111111101010111211111
100000155515155515551515555515155510001010001222221
111111151115151115151511111515111510111111101111121
155555151515551555151555551515551510100000101222221
111115151511111111151111151511151510101110101211151
155555151555155555551555551555555510001010101222151
151111151515151511151515111111111111111010101112111
155515551515551515551515122222222212221000150012221
111515111511111515111511121111111212121011151111121
155515151515551515551512221555551222121005522212221
151115151515151511111512111115151111121111121212111
155555155515151515555512222223155555122222121212221
151111151115151515111111111111111115111112121211121
155515551555155515555555555555555515155512221222221
111515111511111511111111111511111115111511111111111
155515551515155515555555155515555555155555555555551
151111111515151115111511151115111111151111111111151
151555155515555515151515551555151555551555555555151
151515151111111515151515111511151511151511111115151
155515155515551555151515555515551555151515155515151
111115111515151111151511111111151115151515151515111
155515551555155515551515551555555515155555151515551
151511151111151515111515151515111115111111151515151
151555155555151515551555151515551555151555551515151
111511111115111515151111151111151511151511111515151
155515555515551515155555155555155555551515555515151
151115111511151515151111111115111115111515111115151
151555155555155515151555555515555515155515555515151
151511151111111115151515111111111511151111111511151
155555155555555555155515555555555555551555555555551
111111111111111111111111111111111111111111111111111
