111111111111111111111111111111111111111111111111111
100000100000100000000010000010101000001000000010101
101011111011111011111010111010101111101110101110101
101000100010101010001000001010000010001010100010001
101110101110101011101010111010101110111010101111101
101000001000001010100010100010100000000000101010001
111111101110111010111110111011101110111010111011101
101000000010000010001010001000001000001010101010101
101011111110111111101011111011101111101110101010101
100000101010000010001010000010001000000010000000101
111110101011101110101011111010101110111011101110101
100010000010000010101000001010100010001010001000001
111010101011101110111111101110111011101111111111111
100000101000101000101000000010101010001000000000001
111010111110111110101110101111101111101111111011101
100010100000101010001010100010001010000000000010001
111111111010101010111011101010101011101111101111101
100010000010101000000010001010101010101010001000001
111011111011101011111011111010111010101011111110111
101000001010101010000000000000101010001010000000101
101011111010101111111011101110101010111010111111101
100010100000000000001010100010000010100000001000001
101010111110101111101010111111111011111010111011111
101000000010100000101000100010100000001010001000101
111010111111111010101011111010101111101111101110101
100010001010000010101010100000001010100000001000001
101111111010111111101110111110101010111010111110111
101000100010101010000000000010100000001010101000001
101110111010101011101111111110111111101110101111101
100010000000100000101000001000001000101000101000001
111011101111111011101011111011111011111010101111101
100000000010001000100000000000000000100010000000001
111110101110101010101010101011111111111010101111101
100000100000100010101010101010100010100010101010101
111011111010111011101111101010111010101110111010111
100000001010151010001000101000000010100010101000001
101111111111151011111110111110111010111110101010111
100423555555551000001000100010100000000010101010001
111011111515151011111010111010101010111110101111101
100015555515151010000010101010101010101000101010001
101111111111111010101011101011111110101110101010111
100000000010100000101010100000001010100010000000101
111110111010101010101010111011111010101110111110101
100000100000101010101000000010100000101000100000101
101111101111101111111011101110111110101110101110101
100000100010001010101010100000001000000010100010101
111111111011101010101110101110111111111011111110101
100000100010000010100000001000101000000000100010101
111010111110101010101111101111101010101110101111101
100010000000101010000010000000100010101000000000001
111111111111111111111111111111111111111111111111111
