111111111111111111111111111111111111111111111111111
151555151555151515555515151555151515551415551555151
151511151115151511151115151511151515111215111511151
155555155515151555555555555555151515522255151555151
151511111515151515151511151111151511121111151511151
151515151515555515151555155555151555121015151515551
111515151511151115111511151111151115121015151511151
155555555555551555151555151555155515121515555555551
151511151115151115151111111115151115121515111515111
151515555515151555555555151555555515522255551515151
111115151515111511151515151115111115111211151111151
155555151515551515551515151515555555551222155555551
111115111515111111111511151515111515111512151515151
155515155515555515555555555555551515551512151515151
111511111115151115151511111511151511111512151111111
151515155555151555151555551515551555551512155555551
151515151111151115151111151515111511111112111115151
155555551515151555155555151515551555551222551555151
111511151515151115111511111115111511111211151115111
155555155515551555551555151515551555151222151515551
111511151511111511111511151515111111151512111511111
155515551515555555155555155555555555551512222255151
111511151111151111151111151115111115111115111215151
155555155515551515555555151555555515155515155215551
111111151111111511151115111115151115111515111211151
151555551555555555555515155555155515155555551255151
151511151111151515151515151515111115111111151215151
155515555555151515151515151515555515555555151215151
151115111511111515111515111515111111151111111211151
155515155555155515551515155515155515555515555222151
151515111111111115111511111515151111111111151112151
151515555515151555551515555515555555551555151322151
111515151115151511111515151115151511111511151115151
155515151555555555155515155515151555151515151555151
151115151111111515151115151511111115151515111511151
151555151555555515151555151555155515155555551515551
151511151111151515111515111511151115151515111511151
151515551515151515551515155555555515551515155515551
111115111515111515111511151111151115111111111511151
155555155555555515551555155515551515151515551555151
111111151115111111111511151511151511151515111511151
155555555515551555555515551515551515555555551555151
151511111115111111151511151111151515111115111111151
151555155555555515551555155515555555555515555515551
151111111511151115111115151511151511151511111511151
151555551515551555551555151515551515151555551555151
111111151111151515111115151511151515111111151511151
155555151555551515155555151515551555555555151555151
111115151111151515111515151115111515111115151111151
155555555555551515551515151555155515551555155555151
111111111111111111111111111111111111111111111111111
